,LIRN,LICJ,LIPX,LIRQ,LIBP,LIPY,LIMF,LICC,LIMC,LIPZ
LIRN,0,236,321,351,242,228,123,271,481,341
LICJ,236,0,182,195,116,120,72,201,279,191
LIPX,321,182,0,423,190,227,157,212,667,491
LIRQ,351,195,423,0,210,255,149,224,593,425
LIBP,242,116,190,210,0,152,70,135,277,205
LIPY,228,120,227,255,152,0,80,139,321,252
LIMF,123,72,157,149,70,80,0,84,314,149
LICC,271,201,212,224,135,139,84,0,325,223
LIMC,481,279,667,593,277,321,314,325,0,615
LIPZ,341,191,491,425,205,252,149,223,615,0
